$ANSIBLE_VAULT;1.1;AES256
37623164623739393738336162353761333961383666663265616138373231663661623562373363
6336363461306533626633356331643530636433393764300a356339333862643261323464613335
32653432323432666661346365666238386362356639623738343066303637633239323562633561
3531343633323638620a383435643663316238613538393732336538643262653235303564663437
37663262366562653834613033653932326639623432373461336664383230303762346332303266
35613162373233383838336434363563383764383231333665326337343438363162383232383237
61653632303934346434616362356532323065633461616533323934613237336362616237366263
31626564616137663030663830613634613262393765663535613132353836316430346231373434
32336232366463336363666438353461656334373735336666386538386532333962343237613139
63393132316138653036306363383734396634643038353964333063316439366432306230346566
30303031313466306363656562313136303339393833356663343038636364633166373037656332
63393266336562626266393334373431323466636561376632626232646264386336316362333931
65636130356238393634626331363433363064336532323533303638303735613036303264613865
64396439646332306639333830326235363964613330343632383730613431656437386162353436
36333932353838363463356235383836623763623163353962323335363033393030373166393236
35306634353135623038353166333166363932323665633938303632316461393731373966633266
61623665643263313834363062646634353239356564376232363731346536646430363730353664
34343830303136366664653536663535383632346634343335636237373132366230393061316561
33313161353363636630353134306165646662316332376633383535346565613761336465646236
66353766306566653233376533386231303939336538363031396261316463643862363036623365
33326533613034626262393035343866353936366662396461663932646431343462616230376364
66303261376133376338663035663136663135343438646161656536616530666331663665356334
34363065633230353432616535356363626462343735613035643362333033346133386365383665
38613763373861343732353933353866636636363262653330333934663834323731666234313632
63353864336535663535323630396131613638666263656530316632386336656161
