$ANSIBLE_VAULT;1.1;AES256
32383362616361333433313431353239626264343931643232623862373937353637313135393835
3337376261383033633463346430373865313039393662370a333761313838336537623634323136
61363531633138623739396635316536623735353762613132373633646634363234653739363161
3166643730386434360a366535613638396532393639636437656265343864626537613433316636
61663838613034376337336334306338383165633166313334666364326163356136623938663131
33643737663932666239643233333130353834643562356636383638396563303539616437643736
32383731623131303462323738393039323066663866396266343737636462323665663238656431
33643736366631363238653134383630646430363937306639373132346139643439303963663261
30343162316363393333313136366431383136366639323864343836626664613731623636636531
64366132653433366131383063306564336536643036373336313332313339323836666539613333
30653264306433356166343832633436313933323666633762663336376332383934333161396638
34636337623733363531353266376537646336656635356266313236333762336336343661663661
33613234636430303765613736393336646130336130666662313036393435633535653636373132
65316132393166343235326664643437616165333764656639646563396463303133376464393735
32623639613937383038373933383538393637653162333739356137303039646662313339333033
64356430626566303663363965323734656436386232633339316335373364393736343961653234
32616161656537633136353930643334643035306430373638623466343634653637666565613032
61396530303830303566663631333862333232646562363338323164626636396336303565356466
37356235636562663036306338643733616232653234376332343230616665326530643162616638
66626135363938663066643164343130623239376130303133306432323461376662323933643565
38343138656335323934396562613138623733313963353939363430636135636238323937313561
65623062303163313965343963323866646536373739633838396535333433653239303933643465
32383232623330633765613339386536333535636531633836313031306136346537346265383961
38366561306331376566313537336333326464326133613561323561613530396635623164333834
66353838633838373064373265353661353464376436643634393033323265366434663433373131
3530636166363135343935653637303439366633356434353931
