$ANSIBLE_VAULT;1.1;AES256
64366161623865613432363830653264643065626163633262303963663238623430633265653663
3666623535646537643663326536373430656630393335390a623830643265386232623337326234
34356562323732626263616334656266323337383839353832343831353131383732383966633132
6238373731363264390a376266353932633435383466623061353230336363363138363162653361
38643133396365386362653231633663646532363264663933643634326336306565646264306431
39643864376538636432653431653461666232633461376563636335623533623233383065326237
65396239373039626130643265386430393630616237316132396364336434313934623131376666
36383462383836336264386166376231363465653838393863663264393236333534636233656332
30356630633339656339303639656636643764323662356234383234313934343932646563646637
36333665663837373863636466303738633734633666643634626138633430643738313337376666
32363334386337306266323565353564653737343030313434616438376361323364353333303965
38333335366536316664333234383639376661396533636561643530653838363032616436636135
34653133623339356662633434346430613764393731303736306335343836633931643665323266
65323235376164333734343338346365343531323236633861643766366238386631336334353062
64366132616166643561643538356135353330353934313033626138363234623337346163333130
63313731383434643163313431343564313535393532663061643037656461643635303136633264
32623634313238616663346262633831343463386464383037613863346663333363656430333533
65646262643535656437636133336165333633646537626166653163306261363234656633303430
65333436653464653535656232313666393664666261313031303363376337333234333036653262
63303537303432653736383566383434356233653236663766613331386665666336626433613762
32666330633230303061333465663064316636353062663533656538303533313865663963306439
32386436313731346135356238626330323562316363656132333031666565646565666338633730
31646632383239333831313866393362353334353535376230356662616636663964303763333365
39643932306537386166623535333763336436643966306332343564333363363638373232623761
61666561373835343934356537373064626331326665353834616530616436343938323833653265
39633034393366353636656636623561623435376231646434663361336466323135656136383364
33663361326363333465666334653031626364313664636464376162396466353634663730303566
36626435303930663033636434623566393163336339333639376462343239303731376339316330
38393538633965323630306232336261373037326262363166653663636561383536346438353537
62643736346438623563396361303233383563346462626237326262666435613862346565313730
30663734383930366266623630386338626230383938306239313534643134633238656166346366
62636564663363326132333434343539643734633932653239313261343533306634663232346330
30313733336338633562666538646561383338343539343965336537346236393965306135646638
38356663333237643061616431656431653865373439616231653165393036353266353431333863
35663363623935396232653831376362333265303738323332353637343463643661643464326639
37383135303136323166343935646334396236303437383237376537653036623863313237313561
65656532666139306561343661356631333132363839663937626238376336626139313537343066
64626637616437356634363461663137303964343261343836663539313765633861383264656235
64373237613266376236636331623461383564386530366563346434663366373862333936323332
61653738633235613738643565656461333463646362393636653762663265363634346433396666
61346237363666653264663264363330663931653434666134303330346630346464663336363236
38636530646338643563303932373332373264643266303432616561643239643230663835373939
62626437643535303962326230313837363364363039336535393130343536313036343762653438
31336364613732333330346430393632643836623030303233333366336434376131613366636662
63633861306437363537336463643332623366356264386335666433653832323731323130313134
37373536363835656439616335393561643266633664353765643536353238613763393339333833
31363936616539326431646363396663306433313662383734313236326532363437316530376165
65613636333366333733616366323132343162636534333462326539313034616662613032376232
63383864343666386561393834663663383562333762316663633466663031336332343364353263
31616363653565353863316235323865353036653563373934363934313763663538313962633937
30643336303763643535343263366130333838656662376164383730653639666564366133656234
32363631333731616439623163346430353166333331353861333064333030363264633635633262
62396239653237636539643332633866393962366637663833393863356434313135326437373237
66386438303736613634353338663761343533396562633131663335323837636638636261633365
31383037363630306431303937393335396539616431666530336534336238376562303339646461
32316631323766323664623832393530313930333637343136623963626434323633633939353665
33343962666436316539373732643131643939656335393637323635316435653635623237373332
30613833353038613764373733343137303130646637613534616462326436633661633535343635
63636666356434333564656237323630646136373139313632316639333833326161646438363334
39663365353236393965323366616330353262616561346239663333326463313565343766373761
65623331663531646531393432383465633462396565663732343065666337363535366239306235
65326562313066323965303666646131643932393366633531636565336564313761323863323236
35366633383733643965323337343330323136323234346561313665616466333864306665303933
63303631376238666634333164366562653437373766343561636230383936373464303633303831
66313835363933363630303962393830623536343730323430336562346465363565373633643935
38353663343230626561623237636261333965373833633166366132613537353036646266373930
32353832653038366633303736623964343134666165313862626262353935383339653638656463
38363561626564623730366433363161626463313162633236363063366232356434313134616266
34363435393233303961323565396161306461323461333038316632323833333439343563346566
32623835343931356531376462663563383239636236626564313366663434626465303532343230
66653232613762616233636366633861613465643461663934383162643866316263623536636566
35333535353965633438656632343430383863326365356637356134636565393264666266323236
32363263356630623038386462663961613730323236383662393166393536353436336532613565
32613037376262363235323932393736666131333836646232353935366264646361346536353963
36656631306432656332346430613361346263393739323533383730326433326665363063376365
37303638666438666237386538663964383239653436626134666663653861626539393736353731
38393063616133643365336334383330663563343465383137616330326365636637353830333562
36306132376530643936386335653032663363363933653963613531663632666565363134373866
33316639333961366139613137633765313336656336306461643766336662313836623633653135
61666662316637383332613133346434623033653561646265633064653762343237353461366362
33376662313032626165646339636563343834633139343264646566386361613131666537393434
30363039633366633462616137663938323066666564393330656537643461356630343434343933
33346337373931353963353137323935393234633066386533333035396531646134363037643435
35333538663434353761303232376336303366333236376532313635663237376233316638343531
31363136343639656637333739666231313230326234626661396462376430373635363331376431
30336438656666336636363235346662386333326631363762316164393664343966346131646331
39316661663435323031343931336466616337613463366365653934356361656430656261633130
30633663646530366232336639353066393864383565646537643937333763323131316134613663
61393535306136376663313839313465653739613333613761366131323064663531383739366361
32663665356239373335363065613839383565376564633735653935366330333932393230626232
64396133396532353238613739663032353634343135353033623037336261343734633934333735
65316232376538663431376462316134346339623264613637653130316461373566643630633031
61323761633637316461616331383739633534393466343936373731323164306236333139333438
65366163613238653939376532643038646663373665353831656535393865373161653839393862
37626337353335613139356465376363663737323561303165613038623037616239333730613131
35396130383830383236393936623639613363646235356462353335363035373231636332666431
34383837613539346264663837666438386462623961383139643934653133316536316261636432
31346362366666636534353533353234646239323832333431306336393630303661396562653838
35663235623432643431343062316336303536323835356131393936626664326662383161336464
64633139633738666432636337386366656333316630376232343331363731636535386264643636
64656636346139663333643332313536646631653865333035656537646236663534656435366130
63646339633461383335663837383962323165653564346133623363363861333537653134626666
35366138313831656239613661613137346634343861383962343962663935366538383532623163
32353066323239663966323733396162323431396335366161636562323835626261376132333935
33363636393365646239656266353331353035633933326434323939623730613031643734356134
34343564656335653134333264373230626231616264336230326461653933663563636162383130
37626433343264323633396631373839653430623833626663353264333330646564663263633865
31633663613966633335373537383031366164346338643865663466316661303538356633643839
33333966353232323830636464623965656664373665333235303131646133666537666437373161
33323031626562363434336130626264363737303434616236303532306265333766366538663765
65373836613939636635383138326630343666323431333939353765373565663331633132323563
64306434613136373535303134363139326635653662373363313932613538356234316132626466
36613433333264653564323037666233396135633166636462643565333863383835666636396439
32396239326138653066376132646137643439643261393938643038343239313333376232616261
32343433373234306539396637333135666433306534346662646132353132343234656238353636
65393930343866393466396261656662336331613165626338393938373363633366383237313032
66643961643837613761613536666234323266303561633632343936666333306663353035633438
36383262623434636565333731346139663638646331663933383064643438313161356164633561
64363239623265316330343239396465316466666166623930356632666235656531333165623138
32336462333231633961303536353436656164633830343231386333363930316665373164623061
62346636633365613934363234663465363839376139386433666638346539616261616564623533
32396665376233386534653731356532646635626334303830373832616565303234303633616132
64376330333535613139386564643962366637303639653932623839326139383262613538383034
33396636306530323666343937623034333931353236663039623466373037313564323337623333
34383339623661363032343963303037656230353334393438306231313533316436333766343833
38323864346637383738326663336465303238666438346662353864393363333436303438656432
37633535316265616537626632666135323732366333353035346663326236636666643566613430
61326563333662323737636265313130373131363837633266666136343866646635336566326162
37663635373231613838353331626333663430393161366236396239303237396432363131656165
37306562346437393234356531343064316231623362363830363938366632646631333339376633
37373838656333646532386231363432366633633033373831656665386262373161313366663634
64653330383435393234366165626466393161383239313763623132396164626330663235613939
62333363353833373133623061323833303138336465623730626263386364396566373132306535
61373830666639353265323933343464363335353364346331646535306634376665353931393936
363533386664636533643864396163356464
